223
7
20041900
17614000
0 1 1 27 64 21 (D 0,1,1) (S 17,1,24) (S 30,24,27) (S 34,26,27) (S 40,23,26) (S 39,22,23) (S 12,25,25) (S 16,13,14) (S 7,14,14) (S 11,21,21) (S 10,20,20) (S 13,27,27) (S 5,8,8) (S 3,6,6) (S 6,10,10) (S 1,4,4) (S 2,5,5) (S 4,7,7) (S 9,19,19) (S 8,16,16) (D 0,1,1)
0 1 2 26 16 8 (D 0,1,1) (S 41,2,1) (S 15,2,12) (S 28,12,19) (S 22,1,15) (S 45,15,17) (S 33,15,20) (D 0,1,1)
0 1 3 26 23 8 (D 0,1,1) (S 18,1,17) (S 32,13,15) (S 29,12,13) (S 36,4,12) (S 44,3,4) (S 20,3,6) (D 0,1,1)
0 1 4 27 39 7 (D 0,1,1) (S 27,1,3) (S 14,3,8) (S 23,8,9) (S 19,4,10) (S 43,21,22) (D 0,1,1)
0 1 5 26 14 5 (D 0,1,1) (S 37,4,6) (S 24,5,6) (S 35,6,10) (D 0,1,1)
0 1 6 27 36 6 (D 0,1,1) (S 26,23,24) (S 31,21,23) (S 42,18,21) (S 25,14,16) (D 0,1,1)
0 1 7 11 31 4 (D 0,1,1) (S 21,22,25) (S 38,18,25) (D 0,1,1)
