470
6
110461100
107639300
0 1 1 75 157 44 (D 0,1,1) (S 46,1,7) (S 75,7,8) (S 50,8,2) (S 45,3,2) (S 37,3,9) (S 5,9,9) (S 36,8,9) (S 4,8,8) (S 84,13,7) (S 6,13,13) (S 63,13,23) (S 56,24,23) (S 14,24,24) (S 52,24,14) (S 32,14,15) (S 65,10,15) (S 34,10,11) (S 68,12,11) (S 9,17,17) (S 11,20,20) (S 10,19,19) (S 41,16,19) (S 8,15,15) (S 7,14,14) (S 13,23,23) (S 16,29,29) (S 17,30,30) (S 18,31,31) (S 21,35,35) (S 20,34,34) (S 24,38,38) (S 25,39,39) (S 26,40,40) (S 27,41,41) (S 23,37,37) (S 15,27,27) (S 12,21,21) (S 3,5,5) (S 2,4,4) (S 1,2,2) (S 19,32,32) (S 22,36,36) (D 0,1,1)
0 1 2 75 58 10 (D 0,1,1) (S 73,7,1) (S 62,3,4) (S 60,4,10) (S 38,15,25) (S 30,25,31) (S 39,30,31) (S 77,23,24) (S 58,20,19) (D 0,1,1)
0 1 3 74 38 11 (D 0,1,1) (S 42,4,3) (S 82,11,5) (S 33,11,17) (S 79,17,20) (S 80,20,27) (S 59,28,27) (S 83,22,28) (S 81,18,22) (S 35,16,17) (D 0,1,1)
0 1 4 75 70 17 (D 0,1,1) (S 43,16,15) (S 57,15,16) (S 29,11,16) (S 86,11,12) (S 78,6,12) (S 53,12,6) (S 47,26,19) (S 49,26,32) (S 51,33,27) (S 44,37,33) (S 87,37,36) (S 28,36,40) (S 69,40,39) (S 55,39,38) (S 40,38,39) (D 0,1,1)
0 1 5 73 90 14 (D 0,1,1) (S 31,24,25) (S 66,25,26) (S 54,26,25) (S 85,29,23) (S 61,34,29) (S 64,34,38) (S 74,39,36) (S 70,35,36) (S 71,35,39) (S 67,39,35) (S 72,41,40) (S 48,27,33) (D 0,1,1)
0 1 6 9 57 4 (D 0,1,1) (S 76,27,21) (S 88,28,22) (D 0,1,1)
