426
8
49840100
47567600
0 1 1 75 134 40 (D 0,1,1) (S 40,1,5) (S 73,5,11) (S 57,11,12) (S 100,6,12) (S 95,7,6) (S 111,8,7) (S 63,9,8) (S 41,9,15) (S 46,15,23) (S 105,23,31) (S 16,31,31) (S 77,31,37) (S 18,37,37) (S 76,37,36) (S 49,27,36) (S 15,27,27) (S 86,30,26) (S 65,26,30) (S 14,26,26) (S 6,11,11) (S 7,12,12) (S 8,13,13) (S 9,14,14) (S 12,23,23) (S 11,22,22) (S 5,9,9) (S 1,3,3) (S 2,4,4) (S 10,17,17) (S 13,24,24) (S 19,38,38) (S 21,43,43) (S 22,44,44) (S 23,47,47) (S 17,33,33) (S 20,39,39) (S 3,6,6) (S 4,7,7) (D 0,1,1)
0 1 2 75 18 15 (D 0,1,1) (S 90,2,1) (S 24,2,7) (S 85,13,7) (S 83,12,13) (S 29,12,20) (S 54,20,21) (S 75,21,22) (S 27,14,22) (S 36,8,14) (S 119,8,9) (S 64,9,16) (S 117,16,9) (S 79,23,24) (D 0,1,1)
0 1 3 75 34 12 (D 0,1,1) (S 52,5,6) (S 60,5,18) (S 39,18,19) (S 47,19,20) (S 112,20,30) (S 106,30,34) (S 25,26,34) (S 67,26,18) (S 99,18,29) (S 88,40,47) (D 0,1,1)
0 1 4 75 71 14 (D 0,1,1) (S 114,13,6) (S 58,7,13) (S 33,2,3) (S 43,3,4) (S 102,17,10) (S 118,10,17) (S 32,16,17) (S 110,16,24) (S 70,24,32) (S 87,32,38) (S 96,43,45) (S 113,42,44) (D 0,1,1)
0 1 5 74 27 16 (D 0,1,1) (S 98,13,12) (S 51,21,27) (S 37,27,35) (S 48,35,36) (S 107,36,42) (S 72,42,41) (S 62,41,48) (S 89,48,49) (S 28,44,49) (S 42,44,50) (S 55,49,50) (S 66,41,49) (S 53,40,41) (S 45,34,40) (D 0,1,1)
0 1 6 74 58 18 (D 0,1,1) (S 38,11,19) (S 78,19,26) (S 82,18,26) (S 103,34,30) (S 44,33,34) (S 50,33,46) (S 84,46,47) (S 109,47,40) (S 59,35,34) (S 104,35,41) (S 69,48,41) (S 97,49,48) (S 94,49,41) (S 30,29,33) (S 91,42,36) (S 108,50,43) (D 0,1,1)
0 1 7 73 50 16 (D 0,1,1) (S 31,15,16) (S 56,31,23) (S 80,31,32) (S 71,28,32) (S 93,38,28) (S 81,45,38) (S 61,45,43) (S 34,38,43) (S 116,37,38) (S 35,32,37) (S 92,32,31) (S 68,43,42) (S 115,50,45) (S 74,45,50) (D 0,1,1)
0 1 8 11 34 4 (D 0,1,1) (S 26,25,28) (S 101,28,38) (D 0,1,1)
