264
11
5746100
1919100
0 1 1 27 35 9 (D 0,1,1) (S 17,1,2) (S 12,2,3) (S 29,3,6) (S 33,6,9) (S 32,5,9) (S 19,5,8) (S 37,1,3) (D 0,1,1)
0 1 2 27 19 9 (D 0,1,1) (S 35,1,7) (S 21,7,11) (S 28,10,11) (S 14,4,10) (S 36,4,6) (S 27,6,11) (S 10,3,11) (D 0,1,1)
0 1 3 27 38 11 (D 0,1,1) (S 11,1,8) (S 15,8,10) (S 30,5,10) (S 13,2,5) (S 38,4,9) (S 34,1,9) (S 31,4,5) (S 4,5,5) (S 39,7,10) (D 0,1,1)
0 1 4 24 18 5 (D 0,1,1) (S 25,1,10) (S 2,3,3) (S 22,3,7) (D 0,1,1)
0 1 5 25 21 6 (D 0,1,1) (S 23,1,5) (S 16,5,6) (S 20,6,7) (S 26,3,8) (D 0,1,1)
0 1 6 22 18 4 (D 0,1,1) (S 24,1,6) (S 5,6,6) (D 0,1,1)
0 1 7 24 24 3 (D 0,1,1) (S 1,2,2) (D 0,1,1)
0 1 8 25 25 4 (D 0,1,1) (S 9,11,11) (S 7,8,8) (D 0,1,1)
0 1 9 25 25 3 (D 0,1,1) (S 3,4,4) (D 0,1,1)
0 1 10 20 21 4 (D 0,1,1) (S 18,3,4) (S 6,7,7) (D 0,1,1)
0 1 11 20 20 3 (D 0,1,1) (S 8,9,9) (D 0,1,1)
