244
10
8939000
6067800
0 1 1 27 33 8 (D 0,1,1) (S 18,1,27) (S 22,24,27) (S 13,24,24) (S 12,23,23) (S 28,23,26) (S 27,21,22) (D 0,1,1)
0 1 2 27 38 7 (D 0,1,1) (S 23,1,17) (S 31,16,17) (S 32,14,16) (S 8,14,14) (S 14,25,25) (D 0,1,1)
0 1 3 26 25 8 (D 0,1,1) (S 19,1,19) (S 36,2,1) (S 1,2,2) (S 37,12,13) (S 33,14,20) (S 20,6,7) (D 0,1,1)
0 1 4 26 24 5 (D 0,1,1) (S 2,3,3) (S 24,3,8) (S 16,5,9) (D 0,1,1)
0 1 5 26 30 5 (D 0,1,1) (S 9,15,15) (S 7,13,13) (S 17,21,25) (D 0,1,1)
0 1 6 24 20 6 (D 0,1,1) (S 15,26,26) (S 30,22,23) (S 11,22,22) (S 25,21,23) (D 0,1,1)
0 1 7 25 20 6 (D 0,1,1) (S 29,6,10) (S 34,10,11) (S 6,7,7) (S 21,8,9) (D 0,1,1)
0 1 8 22 22 4 (D 0,1,1) (S 5,6,6) (S 4,5,5) (D 0,1,1)
0 1 9 24 10 5 (D 0,1,1) (S 10,18,18) (S 35,18,21) (S 26,20,21) (D 0,1,1)
0 1 10 22 22 3 (D 0,1,1) (S 3,4,4) (D 0,1,1)
