395
7
4095400
1110500
0 1 1 40 26 5 (D 0,1,1) (S 15,3,1) (S 20,2,3) (S 17,2,8) (D 0,1,1)
0 1 2 40 71 7 (D 0,1,1) (S 11,1,7) (S 26,5,7) (S 3,5,5) (S 23,4,5) (S 24,1,6) (D 0,1,1)
0 1 3 40 53 6 (D 0,1,1) (S 10,4,1) (S 14,4,2) (S 1,2,2) (S 8,3,8) (D 0,1,1)
0 1 4 40 162 8 (D 0,1,1) (S 21,1,5) (S 18,5,6) (S 22,6,9) (S 19,9,10) (S 7,8,10) (S 4,7,7) (D 0,1,1)
0 1 5 36 43 7 (D 0,1,1) (S 9,6,7) (S 25,3,6) (S 13,3,7) (S 12,7,8) (S 2,4,4) (D 0,1,1)
0 1 6 30 21 4 (D 0,1,1) (S 16,7,10) (S 6,9,9) (D 0,1,1)
0 1 7 19 19 3 (D 0,1,1) (S 5,8,8) (D 0,1,1)
