164
7
4394200
1339300
0 1 1 27 30 9 (D 0,1,1) (S 21,1,2) (S 18,2,9) (S 12,6,9) (S 17,6,10) (S 16,3,10) (S 10,3,11) (S 15,6,11) (D 0,1,1)
0 1 2 27 37 8 (D 0,1,1) (S 27,1,11) (S 25,1,3) (S 2,3,3) (S 23,2,6) (S 28,7,9) (S 19,4,7) (D 0,1,1)
0 1 3 27 24 7 (D 0,1,1) (S 7,1,10) (S 14,9,10) (S 6,9,9) (S 11,4,9) (S 13,8,10) (D 0,1,1)
0 1 4 25 29 7 (D 0,1,1) (S 9,1,5) (S 8,5,7) (S 20,7,8) (S 26,4,8) (S 5,8,8) (D 0,1,1)
0 1 5 18 14 5 (D 0,1,1) (S 24,1,6) (S 3,6,6) (S 22,2,4) (D 0,1,1)
0 1 6 19 19 3 (D 0,1,1) (S 1,2,2) (D 0,1,1)
0 1 7 11 11 3 (D 0,1,1) (S 4,7,7) (D 0,1,1)
