13541
27
31669700
28510400
0 1 1 1575 299 11 (D 0,1,1) (S 37,1,10) (S 53,10,11) (S 54,11,2) (S 40,3,2) (S 41,4,13) (S 57,13,4) (S 44,5,14) (S 76,21,14) (S 129,42,43) (D 0,1,1)
0 1 2 1559 537 10 (D 0,1,1) (S 52,10,1) (S 90,26,10) (S 92,26,35) (S 114,36,35) (S 116,36,44) (S 112,35,44) (S 111,35,36) (S 16,36,36) (D 0,1,1)
0 1 3 1559 753 10 (D 0,1,1) (S 38,2,1) (S 39,2,11) (S 6,11,11) (S 93,27,11) (S 95,27,37) (S 17,37,37) (S 118,37,36) (S 110,35,26) (D 0,1,1)
0 1 4 1560 487 9 (D 0,1,1) (S 55,11,10) (S 7,12,12) (S 56,12,19) (S 73,19,28) (S 96,28,29) (S 101,29,30) (S 79,22,31) (D 0,1,1)
0 1 5 1573 472 7 (D 0,1,1) (S 5,10,10) (S 91,26,27) (S 113,36,27) (S 115,36,37) (S 117,37,27) (D 0,1,1)
0 1 6 1573 195 11 (D 0,1,1) (S 42,5,4) (S 43,5,6) (S 61,15,6) (S 63,15,16) (S 66,16,23) (S 80,23,32) (S 125,41,32) (S 149,51,52) (S 178,65,55) (D 0,1,1)
0 1 7 1559 407 11 (D 0,1,1) (S 131,44,35) (S 132,44,45) (S 134,46,45) (S 21,46,46) (S 137,47,46) (S 120,38,47) (S 97,28,38) (S 98,28,39) (S 22,48,48) (D 0,1,1)
0 1 8 1567 172 11 (D 0,1,1) (S 58,13,12) (S 59,13,14) (S 60,14,21) (S 74,20,21) (S 75,20,29) (S 121,39,29) (S 139,48,39) (S 138,47,48) (S 136,47,38) (D 0,1,1)
0 1 9 1576 623 11 (D 0,1,1) (S 12,27,27) (S 94,27,28) (S 100,29,28) (S 14,29,29) (S 99,29,20) (S 77,21,22) (S 81,24,16) (S 65,16,17) (S 153,52,53) (D 0,1,1)
0 1 10 1575 931 10 (D 0,1,1) (S 8,13,13) (S 62,15,14) (S 45,6,15) (S 1,6,6) (S 46,7,6) (S 2,7,7) (S 47,7,8) (S 165,58,57) (D 0,1,1)
0 1 11 1569 874 10 (D 0,1,1) (S 10,19,19) (S 13,28,28) (S 119,38,39) (S 123,39,48) (S 140,48,47) (S 172,62,61) (S 31,61,61) (S 179,65,66) (D 0,1,1)
0 1 12 1570 153 8 (D 0,1,1) (S 133,45,46) (S 135,46,61) (S 171,61,62) (S 173,62,63) (S 176,64,63) (S 157,54,64) (D 0,1,1)
0 1 13 1564 1160 12 (D 0,1,1) (S 168,60,45) (S 30,60,60) (S 169,60,59) (S 29,59,59) (S 167,59,60) (S 170,61,60) (S 32,62,62) (S 174,63,62) (S 156,54,55) (S 144,49,40) (D 0,1,1)
0 1 14 1566 237 9 (D 0,1,1) (S 48,7,16) (S 9,16,16) (S 68,17,16) (S 70,18,17) (S 88,25,18) (S 84,24,25) (S 72,18,25) (D 0,1,1)
0 1 15 1574 509 7 (D 0,1,1) (S 64,16,7) (S 50,8,17) (S 51,9,8) (S 4,9,9) (S 49,8,9) (D 0,1,1)
0 1 16 1569 569 8 (D 0,1,1) (S 78,21,30) (S 15,30,30) (S 104,31,30) (S 103,30,51) (S 148,51,41) (S 126,41,42) (D 0,1,1)
0 1 17 1571 129 8 (D 0,1,1) (S 102,30,21) (S 122,39,40) (S 143,49,39) (S 146,50,49) (S 145,49,50) (S 141,48,49) (D 0,1,1)
0 1 18 1541 285 9 (D 0,1,1) (S 67,17,8) (S 69,17,18) (S 71,18,24) (S 86,24,33) (S 106,33,34) (S 109,34,43) (S 20,43,43) (D 0,1,1)
0 1 19 1570 277 8 (D 0,1,1) (S 3,8,8) (S 82,24,17) (S 89,25,24) (S 108,34,25) (S 107,34,24) (S 87,24,34) (D 0,1,1)
0 1 20 1555 412 10 (D 0,1,1) (S 18,39,39) (S 124,39,49) (S 155,54,49) (S 158,55,54) (S 162,56,55) (S 150,51,56) (S 161,56,51) (S 163,56,66) (D 0,1,1)
0 1 21 1544 739 9 (D 0,1,1) (S 142,48,63) (S 33,63,63) (S 177,64,65) (S 181,66,65) (S 184,67,66) (S 35,67,67) (S 182,66,67) (D 0,1,1)
0 1 22 1533 335 9 (D 0,1,1) (S 11,23,23) (S 83,24,23) (S 85,24,32) (S 105,33,32) (S 127,42,33) (S 151,52,42) (S 27,57,57) (D 0,1,1)
0 1 23 1459 840 7 (D 0,1,1) (S 23,49,49) (S 175,64,54) (S 34,64,64) (S 160,55,65) (S 147,50,55) (D 0,1,1)
0 1 24 1404 762 7 (D 0,1,1) (S 24,50,50) (S 159,55,56) (S 180,66,56) (S 26,56,56) (S 164,57,56) (D 0,1,1)
0 1 25 1550 521 7 (D 0,1,1) (S 128,42,41) (S 19,42,42) (S 130,43,53) (S 154,53,43) (S 152,52,51) (D 0,1,1)
0 1 26 1321 599 7 (D 0,1,1) (S 25,51,51) (S 183,67,57) (S 185,67,68) (S 36,68,68) (S 166,58,68) (D 0,1,1)
0 1 27 264 264 3 (D 0,1,1) (S 28,58,58) (D 0,1,1)
