563
10
18797400
16423900
0 1 1 75 59 17 (D 0,1,1) (S 121,6,1) (S 89,13,6) (S 81,6,13) (S 116,7,6) (S 120,8,7) (S 36,8,14) (S 10,14,14) (S 54,14,22) (S 67,22,31) (S 62,23,31) (S 18,23,23) (S 111,23,24) (S 50,24,25) (S 49,17,25) (S 76,26,30) (D 0,1,1)
0 1 2 75 62 16 (D 0,1,1) (S 70,6,7) (S 5,7,7) (S 77,7,13) (S 9,13,13) (S 75,13,12) (S 8,12,12) (S 118,12,11) (S 7,11,11) (S 110,5,11) (S 3,5,5) (S 73,5,18) (S 86,18,29) (S 60,29,33) (S 34,33,40) (D 0,1,1)
0 1 3 75 46 15 (D 0,1,1) (S 4,6,6) (S 52,5,6) (S 65,11,5) (S 43,11,19) (S 47,18,19) (S 13,18,18) (S 96,26,18) (S 37,26,34) (S 103,30,34) (S 21,30,30) (S 55,27,30) (S 41,21,27) (S 114,12,13) (D 0,1,1)
0 1 4 75 55 13 (D 0,1,1) (S 61,13,14) (S 46,9,15) (S 42,9,10) (S 106,17,10) (S 44,16,17) (S 12,16,16) (S 59,15,16) (S 11,15,15) (S 87,24,23) (S 107,24,32) (S 23,32,32) (D 0,1,1)
0 1 5 75 64 17 (D 0,1,1) (S 48,13,21) (S 16,21,21) (S 38,20,21) (S 15,20,20) (S 14,19,19) (S 19,26,26) (S 108,34,30) (S 35,34,40) (S 26,40,40) (S 83,47,46) (S 71,46,47) (S 94,41,48) (S 69,41,49) (S 32,49,49) (S 100,42,44) (D 0,1,1)
0 1 6 75 64 14 (D 0,1,1) (S 1,2,2) (S 33,2,3) (S 58,3,4) (S 85,4,10) (S 80,10,17) (S 92,9,16) (S 6,9,9) (S 66,16,9) (S 79,31,23) (S 101,31,32) (S 74,37,36) (S 64,44,42) (D 0,1,1)
0 1 7 75 66 15 (D 0,1,1) (S 102,8,9) (S 2,3,3) (S 17,22,22) (S 78,31,22) (S 22,31,31) (S 45,27,31) (S 40,27,35) (S 63,35,41) (S 104,48,41) (S 31,48,48) (S 97,49,48) (S 112,49,50) (S 95,45,43) (D 0,1,1)
0 1 8 74 59 11 (D 0,1,1) (S 117,39,29) (S 90,33,39) (S 24,33,33) (S 30,47,47) (S 84,42,41) (S 68,42,36) (S 53,27,36) (S 25,35,35) (S 113,36,42) (D 0,1,1)
0 1 9 75 64 16 (D 0,1,1) (S 39,32,37) (S 91,32,38) (S 93,38,45) (S 72,43,45) (S 115,43,50) (S 109,50,45) (S 29,45,45) (S 57,38,43) (S 82,37,38) (S 98,37,43) (S 27,43,43) (S 105,50,43) (S 51,44,50) (S 20,28,28) (D 0,1,1)
0 1 10 30 24 7 (D 0,1,1) (S 56,25,28) (S 88,38,28) (S 119,28,38) (S 99,43,42) (S 28,44,44) (D 0,1,1)
