194
9
4928400
1422900
0 1 1 27 28 8 (D 0,1,1) (S 36,1,11) (S 30,4,11) (S 29,4,6) (S 23,6,9) (S 9,8,9) (S 27,1,9) (D 0,1,1)
0 1 2 27 21 8 (D 0,1,1) (S 10,1,7) (S 19,4,7) (S 34,2,4) (S 26,2,3) (S 17,3,10) (S 13,6,10) (D 0,1,1)
0 1 3 27 22 10 (D 0,1,1) (S 24,1,8) (S 11,5,8) (S 28,3,5) (S 2,3,3) (S 21,3,11) (S 18,6,7) (S 25,1,5) (S 14,7,10) (D 0,1,1)
0 1 4 27 21 7 (D 0,1,1) (S 32,1,3) (S 15,3,7) (S 22,7,9) (S 7,9,9) (S 31,1,4) (D 0,1,1)
0 1 5 26 25 5 (D 0,1,1) (S 5,6,6) (S 16,2,5) (S 6,7,7) (D 0,1,1)
0 1 6 26 32 6 (D 0,1,1) (S 12,5,10) (S 8,10,10) (S 33,4,10) (S 20,3,9) (D 0,1,1)
0 1 7 16 16 4 (D 0,1,1) (S 4,5,5) (S 35,5,11) (D 0,1,1)
0 1 8 13 13 3 (D 0,1,1) (S 1,2,2) (D 0,1,1)
0 1 9 16 16 3 (D 0,1,1) (S 3,4,4) (D 0,1,1)
