499
9
10073500
6555100
0 1 1 64 49 11 (D 0,1,1) (S 34,1,5) (S 30,5,8) (S 59,8,14) (S 52,14,13) (S 29,12,13) (S 41,11,12) (S 40,16,11) (S 26,16,17) (S 42,17,14) (D 0,1,1)
0 1 2 65 54 13 (D 0,1,1) (S 57,4,5) (S 46,7,4) (S 51,7,12) (S 8,12,12) (S 63,12,11) (S 65,6,11) (S 4,6,6) (S 69,7,6) (S 5,7,7) (S 44,14,8) (S 19,25,25) (D 0,1,1)
0 1 3 65 48 9 (D 0,1,1) (S 1,2,2) (S 25,3,10) (S 43,9,10) (S 47,9,15) (S 27,15,19) (S 36,10,19) (S 62,10,9) (D 0,1,1)
0 1 4 64 60 9 (D 0,1,1) (S 2,3,3) (S 32,10,15) (S 72,15,9) (S 7,9,9) (S 10,15,15) (S 38,14,15) (S 9,14,14) (D 0,1,1)
0 1 5 65 71 14 (D 0,1,1) (S 60,13,8) (S 53,13,16) (S 49,20,16) (S 55,21,20) (S 61,22,21) (S 68,29,22) (S 50,30,29) (S 23,30,30) (S 54,29,30) (S 56,29,28) (S 28,21,28) (S 58,20,21) (D 0,1,1)
0 1 6 64 59 7 (D 0,1,1) (S 6,8,8) (S 3,4,4) (S 31,11,20) (S 35,20,24) (S 66,22,29) (D 0,1,1)
0 1 7 62 58 11 (D 0,1,1) (S 24,17,22) (S 16,22,22) (S 70,25,29) (S 22,29,29) (S 71,21,29) (S 15,21,21) (S 18,24,24) (S 33,24,27) (S 20,27,27) (D 0,1,1)
0 1 8 64 49 8 (D 0,1,1) (S 37,17,18) (S 13,18,18) (S 64,23,18) (S 67,26,23) (S 48,26,18) (S 12,17,17) (D 0,1,1)
0 1 9 53 51 8 (D 0,1,1) (S 45,11,16) (S 11,16,16) (S 21,28,28) (S 14,20,20) (S 39,26,30) (S 17,23,23) (D 0,1,1)
