571
10
23273600
21659600
0 1 1 75 50 14 (D 0,1,1) (S 64,6,1) (S 102,13,6) (S 72,6,13) (S 101,7,6) (S 57,2,7) (S 41,2,3) (S 54,3,4) (S 103,4,10) (S 52,9,10) (S 51,9,15) (S 8,15,15) (S 83,7,13) (D 0,1,1)
0 1 2 75 65 12 (D 0,1,1) (S 97,2,1) (S 104,6,7) (S 2,6,6) (S 50,5,6) (S 1,5,5) (S 74,5,18) (S 100,18,29) (S 93,47,40) (S 80,41,48) (S 77,41,49) (D 0,1,1)
0 1 3 74 53 16 (D 0,1,1) (S 65,12,11) (S 96,11,12) (S 40,12,20) (S 90,20,30) (S 87,30,34) (S 85,35,34) (S 60,35,41) (S 71,42,41) (S 28,42,42) (S 30,44,44) (S 39,44,49) (S 34,48,48) (S 37,34,40) (S 70,34,30) (D 0,1,1)
0 1 4 74 63 13 (D 0,1,1) (S 99,12,13) (S 6,13,13) (S 7,14,14) (S 47,8,14) (S 91,7,8) (S 3,8,8) (S 55,3,9) (S 4,9,9) (S 88,16,9) (S 9,16,16) (S 58,14,15) (D 0,1,1)
0 1 5 74 60 12 (D 0,1,1) (S 43,20,21) (S 76,21,22) (S 63,22,21) (S 38,21,27) (S 17,27,27) (S 36,27,36) (S 23,36,36) (S 22,35,35) (S 46,33,34) (S 42,29,33) (D 0,1,1)
0 1 6 75 55 11 (D 0,1,1) (S 86,11,5) (S 48,11,19) (S 56,18,19) (S 59,26,18) (S 44,26,34) (S 27,40,40) (S 33,47,47) (S 32,46,46) (S 21,33,33) (D 0,1,1)
0 1 7 74 48 15 (D 0,1,1) (S 98,19,26) (S 75,18,26) (S 11,19,19) (S 16,26,26) (S 79,30,26) (S 49,27,31) (S 94,23,31) (S 13,23,23) (S 92,24,23) (S 61,16,24) (S 45,15,23) (S 73,23,22) (S 12,22,22) (D 0,1,1)
0 1 8 75 69 17 (D 0,1,1) (S 89,31,23) (S 82,31,37) (S 24,37,37) (S 62,37,38) (S 78,38,45) (S 67,45,50) (S 105,50,45) (S 84,45,43) (S 29,43,43) (S 95,37,43) (S 66,43,37) (S 68,50,43) (S 31,45,45) (S 81,38,28) (S 18,28,28) (D 0,1,1)
0 1 9 74 74 10 (D 0,1,1) (S 19,31,31) (S 20,32,32) (S 69,28,38) (S 53,17,25) (S 10,17,17) (S 15,25,25) (S 14,24,24) (S 5,10,10) (D 0,1,1)
0 1 10 34 34 5 (D 0,1,1) (S 35,49,49) (S 26,39,39) (S 25,38,38) (D 0,1,1)
