499
7
2605500
753500
0 1 1 41 181 7 (D 0,1,1) (S 15,1,8) (S 14,8,9) (S 19,9,10) (S 18,8,10) (S 17,7,8) (D 0,1,1)
0 1 2 40 94 8 (D 0,1,1) (S 12,1,9) (S 11,5,9) (S 9,5,7) (S 20,3,7) (S 24,3,6) (S 8,1,6) (D 0,1,1)
0 1 3 41 110 8 (D 0,1,1) (S 23,4,1) (S 13,4,2) (S 21,2,3) (S 22,3,8) (S 10,2,5) (S 7,7,9) (D 0,1,1)
0 1 4 38 29 5 (D 0,1,1) (S 16,7,10) (S 6,7,7) (S 5,6,6) (D 0,1,1)
0 1 5 38 38 4 (D 0,1,1) (S 3,4,4) (S 2,3,3) (D 0,1,1)
0 1 6 21 21 3 (D 0,1,1) (S 4,5,5) (D 0,1,1)
0 1 7 26 26 3 (D 0,1,1) (S 1,2,2) (D 0,1,1)
