588
9
16740100
13206200
0 1 1 75 62 17 (D 0,1,1) (S 86,1,7) (S 4,7,7) (S 50,7,1) (S 68,2,3) (S 2,3,3) (S 42,3,9) (S 36,9,10) (S 64,15,10) (S 48,15,16) (S 43,19,16) (S 82,16,19) (S 11,16,16) (S 70,19,20) (S 74,27,20) (S 47,28,27) (D 0,1,1)
0 1 2 75 67 14 (D 0,1,1) (S 81,8,2) (S 5,8,8) (S 32,9,14) (S 45,14,13) (S 66,23,13) (S 16,23,23) (S 65,23,24) (S 85,24,14) (S 73,13,14) (S 51,10,15) (S 83,3,2) (S 37,4,5) (D 0,1,1)
0 1 3 74 62 13 (D 0,1,1) (S 1,2,2) (S 72,4,10) (S 3,4,4) (S 33,5,6) (S 78,6,12) (S 8,12,12) (S 69,12,11) (S 61,11,12) (S 7,11,11) (S 35,11,17) (S 79,39,40) (D 0,1,1)
0 1 4 74 63 9 (D 0,1,1) (S 6,10,10) (S 10,15,15) (S 34,14,15) (S 76,14,24) (S 39,24,30) (S 22,30,30) (S 87,30,29) (D 0,1,1)
0 1 5 74 68 11 (D 0,1,1) (S 75,11,5) (S 14,19,19) (S 55,20,27) (S 19,27,27) (S 38,21,22) (S 77,22,28) (S 20,28,28) (S 49,26,32) (S 71,25,26) (D 0,1,1)
0 1 6 75 89 12 (D 0,1,1) (S 17,24,24) (S 59,29,23) (S 58,29,34) (S 52,34,38) (S 56,38,39) (S 30,39,39) (S 44,39,35) (S 26,35,35) (S 46,34,35) (S 84,41,40) (D 0,1,1)
0 1 7 73 65 10 (D 0,1,1) (S 12,17,17) (S 15,20,20) (S 13,18,18) (S 24,32,32) (S 67,31,32) (S 23,31,31) (S 41,25,31) (S 21,29,29) (D 0,1,1)
0 1 8 73 78 11 (D 0,1,1) (S 57,13,23) (S 9,13,13) (S 60,34,29) (S 29,38,38) (S 40,36,40) (S 27,36,36) (S 63,36,32) (S 54,32,26) (S 18,26,26) (D 0,1,1)
0 1 9 34 34 8 (D 0,1,1) (S 53,37,33) (S 28,37,37) (S 80,41,37) (S 31,40,40) (S 62,36,37) (S 25,33,33) (D 0,1,1)
