3404
26
14693600
13912100
0 1 1 1624 78 5 (D 0,1,1) (S 5,1,2) (S 8,2,9) (S 19,9,10) (D 0,1,1)
0 1 2 1634 560 9 (D 0,1,1) (S 6,1,16) (S 2,16,16) (S 32,16,17) (S 34,17,18) (S 20,9,18) (S 102,19,20) (S 52,27,36) (D 0,1,1)
0 1 3 1646 461 9 (D 0,1,1) (S 33,16,25) (S 3,25,25) (S 48,25,26) (S 35,17,26) (S 104,26,27) (S 51,27,28) (S 54,28,37) (D 0,1,1)
0 1 4 1645 95 7 (D 0,1,1) (S 7,2,3) (S 9,3,4) (S 12,4,11) (S 100,10,11) (S 21,10,19) (D 0,1,1)
0 1 5 1611 119 8 (D 0,1,1) (S 10,3,10) (S 22,10,20) (S 39,20,29) (S 55,29,30) (S 57,30,31) (S 99,7,14) (D 0,1,1)
0 1 6 1592 69 6 (D 0,1,1) (S 49,25,34) (S 106,34,43) (S 79,43,44) (S 82,44,51) (D 0,1,1)
0 1 7 1593 228 7 (D 0,1,1) (S 13,4,12) (S 1,12,12) (S 25,12,22) (S 42,22,31) (S 59,31,40) (D 0,1,1)
0 1 8 1618 74 6 (D 0,1,1) (S 11,4,5) (S 15,5,12) (S 24,12,21) (S 103,22,21) (D 0,1,1)
0 1 9 1630 77 6 (D 0,1,1) (S 105,27,18) (S 36,18,19) (S 37,19,28) (S 40,21,30) (D 0,1,1)
0 1 10 1647 99 7 (D 0,1,1) (S 50,26,35) (S 67,35,44) (S 81,44,45) (S 95,52,53) (S 94,51,52) (D 0,1,1)
0 1 11 1593 76 6 (D 0,1,1) (S 65,34,35) (S 66,35,36) (S 68,36,37) (S 107,37,38) (D 0,1,1)
0 1 12 1630 385 6 (D 0,1,1) (S 23,11,20) (S 38,20,21) (S 4,30,30) (S 41,22,23) (D 0,1,1)
0 1 13 1619 80 6 (D 0,1,1) (S 14,5,6) (S 101,14,6) (S 29,14,23) (S 44,23,24) (D 0,1,1)
0 1 14 1504 71 5 (D 0,1,1) (S 80,43,50) (S 93,50,51) (S 86,46,52) (D 0,1,1)
0 1 15 1626 99 7 (D 0,1,1) (S 56,29,38) (S 72,38,46) (S 83,45,46) (S 69,36,45) (S 91,48,55) (D 0,1,1)
0 1 16 1546 113 6 (D 0,1,1) (S 53,28,29) (S 73,38,47) (S 88,47,48) (S 90,48,49) (D 0,1,1)
0 1 17 1558 65 5 (D 0,1,1) (S 16,6,13) (S 27,13,22) (S 43,22,32) (D 0,1,1)
0 1 18 1549 97 6 (D 0,1,1) (S 26,13,14) (S 30,14,24) (S 46,24,32) (S 60,32,33) (D 0,1,1)
0 1 19 1646 99 6 (D 0,1,1) (S 70,37,46) (S 87,46,53) (S 96,53,54) (S 97,54,55) (D 0,1,1)
0 1 20 1566 61 5 (D 0,1,1) (S 84,45,52) (S 85,46,47) (S 89,47,54) (D 0,1,1)
0 1 21 1643 60 5 (D 0,1,1) (S 71,38,39) (S 58,30,39) (S 74,39,40) (D 0,1,1)
0 1 22 1535 74 6 (D 0,1,1) (S 17,7,8) (S 18,8,15) (S 31,15,24) (S 47,24,33) (D 0,1,1)
0 1 23 1477 81 6 (D 0,1,1) (S 28,14,15) (S 64,33,42) (S 77,41,42) (S 75,40,41) (D 0,1,1)
0 1 24 1555 60 5 (D 0,1,1) (S 45,23,32) (S 62,32,41) (S 78,42,49) (D 0,1,1)
0 1 25 1321 97 6 (D 0,1,1) (S 63,32,42) (S 92,49,56) (S 98,55,56) (S 76,40,48) (D 0,1,1)
0 1 26 594 26 3 (D 0,1,1) (S 61,32,40) (D 0,1,1)
