299
8
8452300
5241500
0 1 1 40 35 9 (D 0,1,1) (S 21,1,2) (S 1,2,2) (S 18,3,4) (S 2,3,3) (S 24,1,3) (S 27,9,3) (S 36,21,15) (D 0,1,1)
0 1 2 39 28 6 (D 0,1,1) (S 20,4,5) (S 23,5,10) (S 22,9,10) (S 39,20,23) (D 0,1,1)
0 1 3 39 46 8 (D 0,1,1) (S 37,9,19) (S 17,19,22) (S 14,22,22) (S 33,23,24) (S 32,21,24) (S 8,15,15) (D 0,1,1)
0 1 4 40 42 7 (D 0,1,1) (S 34,11,5) (S 25,12,11) (S 6,12,12) (S 28,11,10) (S 30,23,20) (D 0,1,1)
0 1 5 40 36 9 (D 0,1,1) (S 26,5,11) (S 19,11,15) (S 35,16,15) (S 9,16,16) (S 29,13,17) (S 38,17,13) (S 31,14,18) (D 0,1,1)
0 1 6 40 40 6 (D 0,1,1) (S 5,10,10) (S 13,20,20) (S 15,23,23) (S 40,7,8) (D 0,1,1)
0 1 7 39 39 5 (D 0,1,1) (S 12,19,19) (S 16,24,24) (S 11,18,18) (D 0,1,1)
0 1 8 33 33 6 (D 0,1,1) (S 10,17,17) (S 7,14,14) (S 4,8,8) (S 3,6,6) (D 0,1,1)
