958
9
18467400
5742200
0 1 1 74 92 14 (D 0,1,1) (S 50,1,6) (S 69,6,18) (S 75,18,29) (S 24,29,30) (S 43,25,30) (S 79,30,25) (S 35,30,31) (S 58,32,31) (S 64,32,33) (S 31,33,34) (S 42,34,28) (S 21,32,32) (D 0,1,1)
0 1 2 75 89 13 (D 0,1,1) (S 36,1,2) (S 54,2,8) (S 4,8,8) (S 52,8,9) (S 30,3,9) (S 62,3,10) (S 29,4,10) (S 65,3,4) (S 45,3,2) (S 33,13,14) (S 77,9,15) (D 0,1,1)
0 1 3 73 57 12 (D 0,1,1) (S 49,1,7) (S 3,7,7) (S 68,13,7) (S 7,13,13) (S 38,12,13) (S 23,12,19) (S 73,19,18) (S 47,12,18) (S 40,6,12) (S 63,6,1) (D 0,1,1)
0 1 4 73 91 10 (D 0,1,1) (S 53,7,1) (S 26,2,13) (S 34,14,15) (S 51,16,15) (S 55,16,23) (S 14,23,23) (S 13,22,22) (S 59,21,20) (D 0,1,1)
0 1 5 74 113 13 (D 0,1,1) (S 2,6,6) (S 57,18,12) (S 19,29,29) (S 74,25,29) (S 25,25,26) (S 66,20,26) (S 76,20,14) (S 72,14,20) (S 80,26,20) (S 37,26,27) (S 71,28,27) (D 0,1,1)
0 1 6 75 135 14 (D 0,1,1) (S 10,19,19) (S 28,19,25) (S 16,26,26) (S 11,20,20) (S 78,15,9) (S 27,9,10) (S 67,11,10) (S 48,17,11) (S 61,11,17) (S 6,11,11) (S 44,5,11) (S 1,4,4) (D 0,1,1)
0 1 7 75 143 8 (D 0,1,1) (S 8,15,15) (S 12,21,21) (S 32,21,22) (S 18,28,28) (S 56,34,24) (S 22,33,33) (D 0,1,1)
0 1 8 75 140 9 (D 0,1,1) (S 5,10,10) (S 70,10,11) (S 39,4,11) (S 60,5,4) (S 46,17,24) (S 15,24,24) (S 41,24,34) (D 0,1,1)
0 1 9 20 98 5 (D 0,1,1) (S 17,27,27) (S 20,31,31) (S 9,16,16) (D 0,1,1)
