533
7
13699000
420300
0 1 1 40 41 6 (D 0,1,1) (S 21,1,7) (S 6,7,7) (S 11,6,7) (S 5,6,6) (D 0,1,1)
0 1 2 39 71 6 (D 0,1,1) (S 24,3,1) (S 16,2,3) (S 14,2,5) (S 8,5,7) (D 0,1,1)
0 1 3 39 230 7 (D 0,1,1) (S 20,1,8) (S 10,7,8) (S 9,7,9) (S 12,8,9) (S 23,8,10) (D 0,1,1)
0 1 4 40 61 6 (D 0,1,1) (S 15,2,1) (S 1,2,2) (S 3,4,4) (S 2,3,3) (D 0,1,1)
0 1 5 37 37 5 (D 0,1,1) (S 19,4,1) (S 18,4,5) (S 13,5,6) (D 0,1,1)
0 1 6 29 50 5 (D 0,1,1) (S 22,3,7) (S 17,3,6) (S 4,5,5) (D 0,1,1)
0 1 7 21 43 3 (D 0,1,1) (S 7,9,9) (D 0,1,1)
