995
9
22496700
7045300
0 1 1 75 82 12 (D 0,1,1) (S 45,1,7) (S 65,8,7) (S 80,2,8) (S 79,8,2) (S 38,7,8) (S 63,13,7) (S 43,13,14) (S 6,14,14) (S 73,24,14) (S 88,23,24) (D 0,1,1)
0 1 2 75 101 14 (D 0,1,1) (S 89,7,1) (S 26,8,9) (S 20,3,9) (S 86,3,4) (S 44,4,10) (S 50,15,10) (S 7,15,15) (S 29,15,25) (S 84,25,26) (S 81,26,32) (S 93,31,32) (S 96,35,36) (D 0,1,1)
0 1 3 75 82 20 (D 0,1,1) (S 52,1,2) (S 1,2,2) (S 2,3,3) (S 95,4,3) (S 25,4,5) (S 35,11,5) (S 23,11,17) (S 37,17,20) (S 77,20,19) (S 42,19,16) (S 8,16,16) (S 33,16,17) (S 9,17,17) (S 60,20,17) (S 62,27,20) (S 40,27,26) (S 57,16,19) (S 74,10,15) (D 0,1,1)
0 1 4 75 99 12 (D 0,1,1) (S 3,9,9) (S 32,10,11) (S 87,11,12) (S 46,6,12) (S 30,5,6) (S 71,14,13) (S 75,13,23) (S 12,23,23) (S 61,23,14) (S 10,19,19) (D 0,1,1)
0 1 5 74 95 12 (D 0,1,1) (S 4,11,11) (S 11,20,20) (S 24,20,21) (S 27,21,22) (S 54,22,28) (S 91,28,27) (S 15,27,27) (S 68,33,27) (S 64,27,33) (S 34,27,32) (D 0,1,1)
0 1 6 75 148 15 (D 0,1,1) (S 56,19,26) (S 55,26,25) (S 28,25,31) (S 51,31,35) (S 39,35,39) (S 67,39,38) (S 83,38,39) (S 18,39,39) (S 82,40,39) (S 41,40,41) (S 19,41,41) (S 72,41,37) (S 53,35,34) (D 0,1,1)
0 1 7 72 141 13 (D 0,1,1) (S 13,24,24) (S 21,24,30) (S 69,29,30) (S 59,29,34) (S 49,34,38) (S 94,38,34) (S 85,34,29) (S 66,23,29) (S 70,29,23) (S 48,30,29) (S 47,34,35) (D 0,1,1)
0 1 8 73 143 11 (D 0,1,1) (S 5,12,12) (S 36,18,22) (S 58,28,22) (S 90,32,26) (S 14,26,26) (S 76,32,36) (S 31,36,40) (S 16,36,36) (S 92,36,32) (D 0,1,1)
0 1 9 33 104 5 (D 0,1,1) (S 22,30,31) (S 17,37,37) (S 78,37,41) (D 0,1,1)
