949
10
25726400
10171700
0 1 1 75 85 14 (D 0,1,1) (S 100,1,6) (S 107,6,12) (S 87,12,11) (S 80,11,12) (S 8,12,12) (S 37,13,14) (S 10,14,14) (S 47,9,15) (S 54,3,9) (S 36,3,4) (S 94,4,10) (S 71,31,32) (D 0,1,1)
0 1 2 75 78 14 (D 0,1,1) (S 82,6,1) (S 85,13,6) (S 49,13,21) (S 39,21,27) (S 18,27,27) (S 42,27,36) (S 79,42,36) (S 72,44,42) (S 55,44,50) (S 83,43,50) (S 46,38,43) (S 25,38,38) (D 0,1,1)
0 1 3 75 86 15 (D 0,1,1) (S 69,2,1) (S 1,2,2) (S 110,8,7) (S 111,7,8) (S 4,7,7) (S 75,7,6) (S 81,6,13) (S 9,13,13) (S 105,21,22) (S 102,22,21) (S 45,20,21) (S 60,18,19) (S 86,30,26) (D 0,1,1)
0 1 4 75 83 11 (D 0,1,1) (S 3,6,6) (S 41,19,20) (S 51,11,19) (S 7,11,11) (S 61,5,11) (S 2,5,5) (S 68,19,26) (S 78,26,29) (S 53,33,34) (D 0,1,1)
0 1 5 75 97 17 (D 0,1,1) (S 14,20,20) (S 64,18,29) (S 65,39,29) (S 19,29,29) (S 40,33,40) (S 76,40,47) (S 103,47,40) (S 56,34,40) (S 43,26,34) (S 67,18,26) (S 97,26,30) (S 20,30,30) (S 90,34,30) (S 92,41,48) (S 88,48,41) (D 0,1,1)
0 1 6 75 83 18 (D 0,1,1) (S 11,15,15) (S 52,15,23) (S 74,23,31) (S 21,31,31) (S 96,31,37) (S 24,37,37) (S 109,37,43) (S 28,43,43) (S 106,43,42) (S 27,42,42) (S 84,42,41) (S 26,41,41) (S 101,49,41) (S 98,35,41) (S 38,35,36) (S 73,36,42) (D 0,1,1)
0 1 7 73 89 11 (D 0,1,1) (S 62,9,8) (S 6,9,9) (S 93,16,9) (S 12,16,16) (S 57,16,17) (S 58,17,25) (S 59,25,28) (S 112,28,32) (S 22,32,32) (D 0,1,1)
0 1 8 75 111 14 (D 0,1,1) (S 77,23,24) (S 66,24,23) (S 95,31,23) (S 48,27,31) (S 70,35,34) (S 50,40,41) (S 33,48,48) (S 44,47,48) (S 32,47,47) (S 31,46,46) (S 23,33,33) (S 17,26,26) (D 0,1,1)
0 1 9 71 151 14 (D 0,1,1) (S 5,8,8) (S 104,23,22) (S 15,22,22) (S 99,37,38) (S 63,38,28) (S 91,28,38) (S 30,45,45) (S 108,50,45) (S 35,50,50) (S 29,44,44) (S 89,10,17) (S 13,17,17) (D 0,1,1)
0 1 10 35 86 4 (D 0,1,1) (S 16,24,24) (S 34,49,49) (D 0,1,1)
