8407
26
50102400
47200000
0 1 1 1649 447 10 (D 0,1,1) (S 6,1,16) (S 33,16,25) (S 48,25,26) (S 50,26,35) (S 65,34,35) (S 106,34,43) (S 94,51,52) (S 99,7,14) (D 0,1,1)
0 1 2 1626 181 7 (D 0,1,1) (S 5,1,2) (S 7,2,3) (S 10,3,10) (S 19,9,10) (S 102,19,20) (D 0,1,1)
0 1 3 1602 110 7 (D 0,1,1) (S 2,16,16) (S 32,16,17) (S 35,17,26) (S 104,26,27) (S 105,27,18) (D 0,1,1)
0 1 4 1619 256 6 (D 0,1,1) (S 8,2,9) (S 20,9,18) (S 36,18,19) (S 40,21,30) (D 0,1,1)
0 1 5 1615 226 7 (D 0,1,1) (S 34,17,18) (S 21,10,19) (S 100,10,11) (S 12,4,11) (S 11,4,5) (D 0,1,1)
0 1 6 1569 200 6 (D 0,1,1) (S 9,3,4) (S 13,4,12) (S 15,5,12) (S 1,12,12) (D 0,1,1)
0 1 7 1639 261 6 (D 0,1,1) (S 3,25,25) (S 49,25,34) (S 80,43,50) (S 67,35,44) (D 0,1,1)
0 1 8 1622 359 8 (D 0,1,1) (S 22,10,20) (S 38,20,21) (S 103,22,21) (S 41,22,23) (S 29,14,23) (S 47,24,33) (D 0,1,1)
0 1 9 1649 282 6 (D 0,1,1) (S 23,11,20) (S 39,20,29) (S 53,28,29) (S 107,37,38) (D 0,1,1)
0 1 10 1584 254 5 (D 0,1,1) (S 37,19,28) (S 54,28,37) (S 70,37,46) (D 0,1,1)
0 1 11 1592 336 7 (D 0,1,1) (S 51,27,28) (S 68,36,37) (S 69,36,45) (S 83,45,46) (S 95,52,53) (D 0,1,1)
0 1 12 1622 294 6 (D 0,1,1) (S 52,27,36) (S 66,35,36) (S 82,44,51) (S 93,50,51) (D 0,1,1)
0 1 13 1599 336 6 (D 0,1,1) (S 14,5,6) (S 16,6,13) (S 26,13,14) (S 57,30,31) (D 0,1,1)
0 1 14 1562 264 5 (D 0,1,1) (S 79,43,44) (S 81,44,45) (S 84,45,52) (D 0,1,1)
0 1 15 1593 364 7 (D 0,1,1) (S 25,12,22) (S 42,22,31) (S 59,31,40) (S 75,40,41) (S 64,33,42) (D 0,1,1)
0 1 16 1629 309 6 (D 0,1,1) (S 24,12,21) (S 4,30,30) (S 58,30,39) (S 73,38,47) (D 0,1,1)
0 1 17 1624 411 6 (D 0,1,1) (S 55,29,30) (S 71,38,39) (S 72,38,46) (S 91,48,55) (D 0,1,1)
0 1 18 1649 421 6 (D 0,1,1) (S 56,29,38) (S 74,39,40) (S 61,32,40) (S 92,49,56) (D 0,1,1)
0 1 19 1629 477 6 (D 0,1,1) (S 101,14,6) (S 28,14,15) (S 31,15,24) (S 98,55,56) (D 0,1,1)
0 1 20 1552 315 5 (D 0,1,1) (S 27,13,22) (S 43,22,32) (S 44,23,24) (D 0,1,1)
0 1 21 1648 421 7 (D 0,1,1) (S 17,7,8) (S 18,8,15) (S 30,14,24) (S 46,24,32) (S 89,47,54) (D 0,1,1)
0 1 22 1349 389 6 (D 0,1,1) (S 87,46,53) (S 96,53,54) (S 97,54,55) (S 76,40,48) (D 0,1,1)
0 1 23 1618 381 5 (D 0,1,1) (S 86,46,52) (S 85,46,47) (S 88,47,48) (D 0,1,1)
0 1 24 1601 329 5 (D 0,1,1) (S 45,23,32) (S 60,32,33) (S 62,32,41) (D 0,1,1)
0 1 25 1317 364 5 (D 0,1,1) (S 63,32,42) (S 77,41,42) (S 78,42,49) (D 0,1,1)
0 1 26 444 420 3 (D 0,1,1) (S 90,48,49) (D 0,1,1)
