492
10
11689600
1468700
0 1 1 27 44 8 (D 0,1,1) (S 36,1,3) (S 41,3,6) (S 32,4,6) (S 34,4,10) (S 40,6,7) (S 38,2,1) (D 0,1,1)
0 1 2 27 60 9 (D 0,1,1) (S 11,19,19) (S 26,2,12) (S 22,12,13) (S 19,13,14) (S 25,14,20) (S 18,15,20) (S 33,16,17) (D 0,1,1)
0 1 3 27 40 5 (D 0,1,1) (S 9,17,17) (S 8,15,15) (S 24,13,15) (D 0,1,1)
0 1 4 27 39 6 (D 0,1,1) (S 31,23,24) (S 17,21,23) (S 12,21,21) (S 35,20,21) (D 0,1,1)
0 1 5 27 51 7 (D 0,1,1) (S 15,24,24) (S 16,27,27) (S 20,26,27) (S 39,25,26) (S 13,22,22) (D 0,1,1)
0 1 6 26 50 6 (D 0,1,1) (S 1,3,3) (S 29,3,4) (S 2,4,4) (S 6,10,10) (D 0,1,1)
0 1 7 26 74 5 (D 0,1,1) (S 4,6,6) (S 3,5,5) (S 14,23,23) (D 0,1,1)
0 1 8 24 43 6 (D 0,1,1) (S 23,22,23) (S 28,21,22) (S 37,18,21) (S 10,18,18) (D 0,1,1)
0 1 9 21 55 5 (D 0,1,1) (S 30,5,6) (S 27,7,11) (S 5,8,8) (D 0,1,1)
0 1 10 17 36 4 (D 0,1,1) (S 21,14,18) (S 7,14,14) (D 0,1,1)
