967
9
25138500
5006600
0 1 1 65 64 13 (D 0,1,1) (S 22,1,2) (S 47,2,9) (S 64,9,15) (S 35,14,15) (S 45,14,17) (S 41,17,13) (S 36,8,13) (S 25,7,8) (S 4,7,7) (S 43,6,7) (S 59,7,4) (D 0,1,1)
0 1 2 64 89 14 (D 0,1,1) (S 3,5,5) (S 29,5,8) (S 44,8,14) (S 39,17,14) (S 34,17,22) (S 37,29,22) (S 38,30,29) (S 63,30,25) (S 16,25,25) (S 33,22,25) (S 48,22,21) (S 61,21,29) (D 0,1,1)
0 1 3 63 101 11 (D 0,1,1) (S 50,3,2) (S 27,3,10) (S 55,9,10) (S 6,9,9) (S 65,9,2) (S 1,2,2) (S 51,10,9) (S 28,10,19) (S 53,22,29) (D 0,1,1)
0 1 4 65 92 10 (D 0,1,1) (S 46,13,8) (S 52,13,16) (S 60,16,11) (S 56,11,12) (S 42,7,12) (S 2,4,4) (S 58,6,11) (S 62,12,11) (D 0,1,1)
0 1 5 64 98 6 (D 0,1,1) (S 5,8,8) (S 9,14,14) (S 31,17,18) (S 57,26,18) (D 0,1,1)
0 1 6 65 135 9 (D 0,1,1) (S 10,15,15) (S 32,10,15) (S 54,18,15) (S 12,18,18) (S 30,15,19) (S 8,12,12) (S 21,26,30) (D 0,1,1)
0 1 7 65 122 7 (D 0,1,1) (S 11,16,16) (S 40,11,16) (S 7,11,11) (S 26,24,27) (S 23,24,28) (D 0,1,1)
0 1 8 60 150 8 (D 0,1,1) (S 49,25,29) (S 19,29,29) (S 20,30,30) (S 15,23,23) (S 17,26,26) (S 18,28,28) (D 0,1,1)
0 1 9 55 116 5 (D 0,1,1) (S 14,21,21) (S 24,27,28) (S 13,20,20) (D 0,1,1)
