12485
26
40255100
38160300
0 1 1 1545 82 6 (D 0,1,1) (S 2,1,8) (S 15,8,18) (S 33,18,19) (S 17,9,19) (D 0,1,1)
0 1 2 1506 232 6 (D 0,1,1) (S 1,1,2) (S 3,2,3) (S 6,3,10) (S 18,10,11) (D 0,1,1)
0 1 3 1547 377 8 (D 0,1,1) (S 4,2,9) (S 16,9,10) (S 20,10,16) (S 31,16,21) (S 41,21,29) (S 56,29,37) (D 0,1,1)
0 1 4 1550 410 6 (D 0,1,1) (S 14,8,9) (S 35,19,20) (S 39,20,29) (S 57,29,38) (D 0,1,1)
0 1 5 1537 306 5 (D 0,1,1) (S 34,18,25) (S 47,25,26) (S 49,26,27) (D 0,1,1)
0 1 6 1536 513 7 (D 0,1,1) (S 5,3,4) (S 8,4,11) (S 21,11,12) (S 10,5,12) (S 58,30,31) (D 0,1,1)
0 1 7 1564 374 5 (D 0,1,1) (S 36,19,26) (S 50,26,35) (S 66,34,35) (D 0,1,1)
0 1 8 1530 507 6 (D 0,1,1) (S 19,10,15) (S 29,15,20) (S 37,20,21) (S 71,37,38) (D 0,1,1)
0 1 9 1538 302 6 (D 0,1,1) (S 48,25,33) (S 65,33,42) (S 80,42,43) (S 67,34,43) (D 0,1,1)
0 1 10 1552 813 6 (D 0,1,1) (S 7,4,5) (S 9,5,6) (S 11,6,7) (S 91,51,52) (D 0,1,1)
0 1 11 1378 276 5 (D 0,1,1) (S 28,15,16) (S 30,16,17) (S 22,11,17) (D 0,1,1)
0 1 12 1517 448 6 (D 0,1,1) (S 64,33,34) (S 69,35,44) (S 84,44,47) (S 68,35,36) (D 0,1,1)
0 1 13 1563 377 5 (D 0,1,1) (S 38,20,28) (S 54,28,37) (S 53,28,29) (D 0,1,1)
0 1 14 1469 332 5 (D 0,1,1) (S 32,17,21) (S 40,21,22) (S 24,12,22) (D 0,1,1)
0 1 15 1507 579 6 (D 0,1,1) (S 51,27,28) (S 52,27,36) (S 70,36,37) (S 88,48,49) (D 0,1,1)
0 1 16 1348 380 4 (D 0,1,1) (S 81,42,45) (S 85,45,46) (D 0,1,1)
0 1 17 1497 488 6 (D 0,1,1) (S 83,43,46) (S 86,46,47) (S 87,47,48) (S 72,37,48) (D 0,1,1)
0 1 18 1328 510 5 (D 0,1,1) (S 12,6,13) (S 25,13,14) (S 27,14,24) (D 0,1,1)
0 1 19 1349 724 5 (D 0,1,1) (S 82,43,44) (S 89,49,50) (S 90,50,51) (D 0,1,1)
0 1 20 1523 513 5 (D 0,1,1) (S 23,12,13) (S 26,13,23) (S 45,23,31) (D 0,1,1)
0 1 21 1471 557 5 (D 0,1,1) (S 55,29,30) (S 59,30,39) (S 75,39,40) (D 0,1,1)
0 1 22 1397 556 5 (D 0,1,1) (S 42,22,23) (S 44,23,24) (S 46,24,32) (D 0,1,1)
0 1 23 1499 634 6 (D 0,1,1) (S 43,22,30) (S 60,31,32) (S 62,32,40) (S 77,40,41) (D 0,1,1)
0 1 24 1328 781 5 (D 0,1,1) (S 13,7,14) (S 63,32,41) (S 79,41,52) (D 0,1,1)
0 1 25 1398 705 5 (D 0,1,1) (S 73,38,39) (S 76,39,50) (S 78,40,51) (D 0,1,1)
0 1 26 1111 709 4 (D 0,1,1) (S 74,38,49) (S 61,31,40) (D 0,1,1)
