167
6
23076800
1311900
0 1 1 27 37 16 (D 0,1,1) (S 26,1,11) (S 20,7,11) (S 38,4,7) (S 12,4,8) (S 30,2,8) (S 1,2,2) (S 7,2,7) (S 6,7,7) (S 37,1,9) (S 32,6,9) (S 5,6,6) (S 4,5,5) (S 2,3,3) (S 3,4,4) (D 0,1,1)
0 1 2 27 35 10 (D 0,1,1) (S 8,1,4) (S 18,4,6) (S 13,6,8) (S 22,5,8) (S 34,1,5) (S 29,1,7) (S 36,2,11) (S 21,3,4) (D 0,1,1)
0 1 3 27 41 9 (D 0,1,1) (S 25,1,8) (S 16,8,9) (S 35,2,9) (S 10,1,2) (S 24,1,3) (S 11,2,3) (S 15,4,10) (D 0,1,1)
0 1 4 27 18 6 (D 0,1,1) (S 31,1,10) (S 23,3,10) (S 17,3,11) (S 33,9,11) (D 0,1,1)
0 1 5 24 25 6 (D 0,1,1) (S 27,7,9) (S 19,4,9) (S 9,9,10) (S 14,5,7) (D 0,1,1)
0 1 6 8 11 3 (D 0,1,1) (S 28,5,11) (D 0,1,1)
