7925
11
176191500
173381800
0 1 1 1823 2349 48 (D 0,1,1) (S 75,58,59) (S 65,45,58) (S 64,45,44) (S 63,44,43) (S 61,43,30) (S 10,30,30) (S 55,31,32) (S 11,33,33) (S 12,35,35) (S 4,10,10) (S 5,12,12) (S 13,39,39) (S 22,63,63) (S 26,77,77) (S 25,74,74) (S 24,73,73) (S 20,59,59) (S 21,62,62) (S 29,88,88) (S 33,104,104) (S 39,116,116) (S 32,101,101) (S 38,114,114) (S 31,99,99) (S 123,111,112) (S 23,69,69) (S 18,56,56) (S 19,57,57) (S 17,43,43) (S 16,42,42) (S 15,41,41) (S 14,40,40) (S 9,29,29) (S 7,18,18) (S 2,6,6) (S 3,8,8) (S 6,16,16) (S 8,27,27) (S 1,1,1) (S 27,80,80) (S 28,81,81) (S 30,92,92) (S 34,105,105) (S 35,107,107) (S 36,108,108) (S 37,109,109) (D 0,1,1)
0 1 2 1821 691 15 (D 0,1,1) (S 77,59,60) (S 78,60,61) (S 79,61,48) (S 66,47,46) (S 56,33,20) (S 45,21,20) (S 42,6,7) (S 46,22,9) (S 57,36,37) (S 47,24,37) (S 48,25,24) (S 49,25,38) (S 91,70,83) (D 0,1,1)
0 1 3 1802 605 12 (D 0,1,1) (S 76,58,71) (S 105,84,71) (S 115,97,84) (S 117,97,110) (S 122,110,111) (S 107,85,98) (S 106,85,86) (S 92,74,73) (S 109,88,75) (S 90,69,68) (D 0,1,1)
0 1 4 1811 375 11 (D 0,1,1) (S 67,47,60) (S 81,61,74) (S 108,87,88) (S 110,88,89) (S 95,76,89) (S 94,76,75) (S 82,62,75) (S 68,49,62) (S 93,76,63) (D 0,1,1)
0 1 5 1801 573 11 (D 0,1,1) (S 74,57,70) (S 73,57,44) (S 62,43,42) (S 59,42,29) (S 53,28,29) (S 51,27,28) (S 52,27,40) (S 70,54,41) (S 40,2,15) (D 0,1,1)
0 1 6 1823 346 10 (D 0,1,1) (S 80,61,62) (S 83,63,64) (S 84,64,51) (S 69,52,51) (S 85,65,52) (S 86,65,78) (S 97,78,77) (S 111,90,77) (D 0,1,1)
0 1 7 1785 723 11 (D 0,1,1) (S 89,69,56) (S 54,30,31) (S 41,3,4) (S 71,54,67) (S 88,68,67) (S 72,55,68) (S 60,42,41) (S 87,67,66) (S 113,92,79) (D 0,1,1)
0 1 8 1811 631 13 (D 0,1,1) (S 102,82,83) (S 100,81,82) (S 99,80,81) (S 114,93,80) (S 98,79,80) (S 101,81,94) (S 104,83,96) (S 116,97,96) (S 118,98,97) (S 124,113,114) (S 119,102,101) (D 0,1,1)
0 1 9 1754 422 7 (D 0,1,1) (S 103,83,84) (S 112,90,91) (S 127,117,104) (S 126,116,117) (S 125,115,116) (D 0,1,1)
0 1 10 1593 825 8 (D 0,1,1) (S 96,77,76) (S 120,104,103) (S 58,37,38) (S 43,10,11) (S 44,13,26) (S 50,26,25) (D 0,1,1)
0 1 11 304 385 3 (D 0,1,1) (S 121,107,108) (D 0,1,1)
