781
7
29366000
8674500
0 1 1 75 191 30 (D 0,1,1) (S 82,6,1) (S 50,6,18) (S 8,18,18) (S 80,29,18) (S 18,29,30) (S 66,30,25) (S 13,25,25) (S 57,29,25) (S 26,30,31) (S 62,32,31) (S 15,32,32) (S 46,33,32) (S 27,28,33) (S 14,28,28) (S 17,34,34) (S 16,33,33) (S 49,27,32) (S 10,21,21) (S 7,15,15) (S 4,9,9) (S 2,4,4) (S 1,2,2) (S 6,13,13) (S 3,7,7) (S 9,19,19) (S 11,23,23) (S 12,24,24) (S 5,11,11) (D 0,1,1)
0 1 2 75 109 14 (D 0,1,1) (S 63,1,7) (S 42,7,13) (S 37,12,13) (S 31,12,19) (S 59,19,20) (S 64,21,20) (S 36,21,27) (S 69,27,28) (S 70,28,27) (S 34,26,27) (S 33,26,31) (S 32,22,23) (D 0,1,1)
0 1 3 75 98 14 (D 0,1,1) (S 74,7,1) (S 53,6,7) (S 21,6,12) (S 60,12,18) (S 44,18,12) (S 77,20,19) (S 79,20,14) (S 30,14,15) (S 81,16,15) (S 29,16,17) (S 54,17,24) (S 47,1,6) (D 0,1,1)
0 1 4 75 109 14 (D 0,1,1) (S 25,1,2) (S 55,3,2) (S 23,3,9) (S 28,9,10) (S 85,11,10) (S 65,11,24) (S 40,24,34) (S 61,28,34) (S 56,22,28) (S 20,23,28) (S 45,32,33) (S 75,31,32) (D 0,1,1)
0 1 5 75 115 14 (D 0,1,1) (S 58,2,8) (S 48,8,9) (S 35,4,10) (S 51,5,4) (S 67,5,11) (S 39,10,11) (S 71,10,3) (S 72,3,10) (S 22,10,16) (S 43,3,4) (S 76,17,11) (S 84,11,17) (D 0,1,1)
0 1 6 61 96 10 (D 0,1,1) (S 73,14,20) (S 41,20,26) (S 68,26,20) (S 38,8,14) (S 24,15,22) (S 78,16,23) (S 83,24,17) (S 52,15,21) (D 0,1,1)
0 1 7 15 63 3 (D 0,1,1) (S 19,4,11) (D 0,1,1)
