736
10
20727700
16920100
0 1 1 75 157 32 (D 0,1,1) (S 23,1,6) (S 33,6,12) (S 46,12,20) (S 61,20,21) (S 63,21,22) (S 50,14,22) (S 8,14,14) (S 47,13,14) (S 48,13,21) (S 64,21,27) (S 77,27,35) (S 18,41,41) (S 9,44,44) (S 3,36,36) (S 15,43,43) (S 20,38,38) (S 14,32,32) (S 10,31,31) (S 5,22,22) (S 4,16,16) (S 17,25,25) (S 16,8,8) (S 13,12,12) (S 11,11,11) (S 19,26,26) (S 2,30,30) (S 12,29,29) (S 1,39,39) (S 6,5,5) (S 7,10,10) (D 0,1,1)
0 1 2 75 56 11 (D 0,1,1) (S 21,1,2) (S 24,2,3) (S 26,3,4) (S 28,4,10) (S 39,9,10) (S 41,9,16) (S 54,16,24) (S 67,23,24) (S 45,12,13) (D 0,1,1)
0 1 3 74 48 12 (D 0,1,1) (S 22,1,5) (S 29,5,6) (S 32,6,7) (S 35,7,8) (S 38,8,14) (S 49,14,15) (S 52,15,23) (S 65,22,23) (S 66,22,31) (S 68,23,31) (D 0,1,1)
0 1 4 74 73 12 (D 0,1,1) (S 34,6,13) (S 36,7,13) (S 25,2,7) (S 37,8,9) (S 27,3,9) (S 40,9,15) (S 51,15,16) (S 53,16,17) (S 42,10,17) (S 55,17,25) (D 0,1,1)
0 1 5 73 58 12 (D 0,1,1) (S 43,11,12) (S 30,5,11) (S 31,5,18) (S 56,18,19) (S 59,19,20) (S 62,20,30) (S 83,30,34) (S 92,34,35) (S 94,35,36) (S 97,36,42) (D 0,1,1)
0 1 6 73 51 12 (D 0,1,1) (S 44,11,19) (S 60,19,26) (S 72,26,29) (S 58,18,29) (S 57,18,26) (S 74,26,34) (S 88,33,34) (S 91,33,46) (S 114,46,47) (S 103,40,47) (D 0,1,1)
0 1 7 75 69 13 (D 0,1,1) (S 73,26,30) (S 75,27,30) (S 76,27,31) (S 84,31,32) (S 87,32,38) (S 101,38,45) (S 113,45,50) (S 110,43,50) (S 107,42,43) (S 104,41,42) (S 105,41,48) (D 0,1,1)
0 1 8 75 91 13 (D 0,1,1) (S 82,29,39) (S 89,33,39) (S 81,29,33) (S 93,34,40) (S 102,40,41) (S 106,41,49) (S 116,48,49) (S 115,47,48) (S 90,33,40) (S 95,35,41) (S 117,49,50) (D 0,1,1)
0 1 9 73 65 12 (D 0,1,1) (S 85,31,37) (S 99,37,43) (S 109,43,45) (S 100,38,43) (S 98,37,38) (S 86,32,37) (S 79,28,32) (S 80,28,38) (S 70,24,32) (S 69,24,25) (D 0,1,1)
0 1 10 37 68 8 (D 0,1,1) (S 78,27,36) (S 96,36,37) (S 108,42,44) (S 111,44,49) (S 112,44,50) (S 71,25,28) (D 0,1,1)
